# Data Analysis Report

## Dataset Overview

    Dataset Overview:
    - Rows: 2363
    - Columns: 12
    - Columns List: Country name, year, Life Ladder, Log GDP per capita, Social support, Healthy life expectancy at birth, Freedom to make life choices, Generosity, Perceptions of corruption, Positive affect, Negative affect, Cluster

    Missing Data:
    Perceptions of corruption           5.289886
Generosity                          3.427846
Healthy life expectancy at birth    2.666102
Freedom to make life choices        1.523487
Log GDP per capita                  1.184934
Positive affect                     1.015658
Negative affect                     0.677105
Social support                      0.550148

    Correlation Matrix:
                                          year  Life Ladder  Log GDP per capita  Social support  Healthy life expectancy at birth  Freedom to make life choices  Generosity  Perceptions of corruption  Positive affect  Negative affect
year                              1.000000     0.046846            0.080104       -0.043074                          0.168026                      0.232974    0.030864                  -0.082136         0.013052         0.207642
Life Ladder                       0.046846     1.000000            0.783556        0.722738                          0.714927                      0.538210    0.177398                  -0.430485         0.515283        -0.352412
Log GDP per capita                0.080104     0.783556            1.000000        0.685329                          0.819326                      0.364816   -0.000766                  -0.353893         0.230868        -0.260689
Social support                   -0.043074     0.722738            0.685329        1.000000                          0.597787                      0.404131    0.065240                  -0.221410         0.424524        -0.454878
Healthy life expectancy at birth  0.168026     0.714927            0.819326        0.597787                          1.000000                      0.375745    0.015168                  -0.303130         0.217982        -0.150330
Freedom to make life choices      0.232974     0.538210            0.364816        0.404131                          0.375745                      1.000000    0.321396                  -0.466023         0.578398        -0.278959
Generosity                        0.030864     0.177398           -0.000766        0.065240                          0.015168                      0.321396    1.000000                  -0.270004         0.300608        -0.071975
Perceptions of corruption        -0.082136    -0.430485           -0.353893       -0.221410                         -0.303130                     -0.466023   -0.270004                   1.000000        -0.274208         0.265555
Positive affect                   0.013052     0.515283            0.230868        0.424524                          0.217982                      0.578398    0.300608                  -0.274208         1.000000        -0.334451
Negative affect                   0.207642    -0.352412           -0.260689       -0.454878                         -0.150330                     -0.278959   -0.071975                   0.265555        -0.334451         1.000000

    Outliers:
    {'year': 0, 'Life Ladder': 2, 'Log GDP per capita': 1, 'Social support': 48, 'Healthy life expectancy at birth': 20, 'Freedom to make life choices': 16, 'Generosity': 39, 'Perceptions of corruption': 194, 'Positive affect': 9, 'Negative affect': 31}

    Clustering Summary:
    Cluster
0    1559
1     738
2      66
Name: count, dtype: int64
    
## Insights
**Title: The Data Chronicles**

In a world governed less by chance and more by quantifiable expectations, the vast dataset known as the **Human Experience Metrics** served as a beacon for nations seeking enlightenment. With 2,363 rows representing countries across countless years and 12 essential columns reflecting vital aspects of human life, it was an extraordinary trove of insights.

**Chapter 1: The Seeds of Understanding**

Among the researchers was Dr. Elara Johnson, whose fascination with data led her into the depths of the metrics. Her passion drove her to analyze various columns, some of which signified life’s intricate components: the **Life Ladder**, indicative of overall satisfaction; the **Log GDP per capita**, hinting at economic strength; and **Social support**, emphasizing community ties—elements woven together like threads in a fabric that displayed the state of humanity.

Dr. Johnson quickly noticed patterns emerge from the numbers. Correlation coefficients whispered secrets about the relationships between metrics. Life Ladder climbed with Log GDP per capita at a staggering 0.783, while Social support soared hand in hand with Happiness, speaking volumes about the human need for connection. However, perceptions of corruption, with a negative correlation of -0.430 with the Life Ladder, cast a long shadow on the joys of many.

**Chapter 2: The Shadows of Doubt**

Despite the light her numbers brought, Dr. Johnson wrestled with a dark truth. Many entries in her dataset were marked by missing data—perceptions of corruption haunted many rows, while the measure of **Generosity** sometimes felt intangible. What did it mean if a country thrived economically but faltered in producing a high sense of generosity? 

Outliers also floated around the dataset, like stars too brilliant for their own good. One entry caught her eye: a country with astronomical rates of social support marked at 48—how could that be? What was the hidden story behind those figures? 

**Chapter 3: A Journey Through Clusters**

Dr. Johnson delved into clustering analysis to navigate the tangled waters of her dataset. She discovered three distinct clusters revealing a spectrum of human experience:

1. **Cluster 0 (1559 entries)**: The common realm—countries where life sat comfortably on the ladder, void of extremes in metrics, showcasing an average yet vibrant way of living.
2. **Cluster 1 (738 entries)**: The striving nations—ambitious and aspirant, these countries exhibited growth potential and a desire for happiness tempered by slight shadows of struggle.
3. **Cluster 2 (66 entries)**: The enigma of elation—countries flourishing with both happiness and wealth but battling perception of corruption.

Each cluster told a story of its own. The stories varied from efficacy in governance fostering happiness to a tapestry of struggles bound by hope.

**Chapter 4: A Call to Action**

With her findings in hand, Dr. Johnson knew that numbers represented more than mere figures; they were the heartbeat of global experiences. She armed herself to present her analysis to world leaders at an upcoming global summit, advocating for an interconnected approach to economic growth and social well-being.

“True progress,” she proclaimed, “is not built solely on wealth or support systems. It requires an unyielding commitment to eradicate perceptions of corruption and empower the freedom to make life choices.”

**Conclusion: The Path Forward**

As the world gathered in the conference hall, her voice resonated throughout the room, filled with representatives from diverse nations. Data tightly intertwined with human emotion reverberated, forging connections within hearts and minds.

Weeks later, as the initiatives took shape, Dr. Johnson reflected on the paradox of numbers—how they could both simplify and complicate life, yet at the core of it all, they reminded humanity of a fundamental truth: behind every entry in the dataset, there exists a story waiting to unfold, a heartbeat, a dream, a people aspiring for a better tomorrow.

In the realm of data, humanity found its mirror, an endless journey towards understanding, compassion, and hope.